100
370752 150892 290 4353
474399 548218 59 9922
295362 813134 611 9485
824104 475920 305 9979
514987 549357 698 8697
387577 797884 793 9387
998867 647474 130 9931
555099 862204 933 4330
89299 831397 703 6240
439456 231890 248 5337
304907 855436 338 2277
703631 875764 531 1619
629597 314560 498 9962
375556 762624 424 1324
650892 592817 652 3205
637219 761466 691 9968
851559 512805 985 8289
797797 62905 603 9946
10254 300312 921 9977
284395 736970 540 6108
924581 43002 414 2531
986170 652307 775 5879
843219 338440 467 9970
415314 879497 674 2014
89856 608464 869 9919
20868 428375 488 9948
823169 925907 191 9916
461085 111003 364 4925
36234 150413 905 890
386064 407841 196 9919
255765 349997 77 6282
0 0 10 5
718828 27509 235 9998
532616 892151 211 3061
759945 945499 953 5617
84148 890653 759 9947
367361 473332 463 7398
455518 45886 626 9955
813653 199482 781 9972
566190 193701 15 1839
526145 582721 408 9971
353433 69383 283 9953
258357 758133 770 9975
216312 548836 104 9973
208697 744799 986 9978
22430 464064 227 5699
127965 0 914 979
327057 711765 64 9971
820700 727655 127 4419
527699 795039 145 9939
457377 811392 444 2367
225832 944903 123 6950
994949 215234 580 9902
0 0 817 1
915768 284970 897 9925
726390 947011 66 8994
627617 515411 965 9983
723426 67479 131 7689
494543 613590 832 9937
60214 714961 611 9989
701252 891729 166 9984
0 0 137 9285
934549 360399 818 381
528738 26289 591 2632
614722 56006 126 9915
101346 80607 682 9978
212056 660986 491 9942
705630 319183 57 9929
872809 20688 311 9991
344134 610104 343 7882
457351 699860 969 3864
652912 273661 622 9996
761153 0 357 1
0 651505 303 1
388528 89580 753 1526
967466 470119 585 9809
691178 165708 711 3941
75535 453294 593 7659
989691 313711 16 8004
331520 462248 438 9965
943361 667582 289 9917
883415 61718 531 9943
588631 0 79 1
925399 742457 557 9985
701485 518450 257 9904
691354 118945 613 2206
255730 604800 392 9992
598850 500426 451 9994
418412 374318 297 7137
120038 641146 401 2798
67502 735934 804 9997
418786 913308 715 9935
0 0 1000 10000
0 476573 684 2129
264344 598120 827 9956
807175 441802 879 9927
8074 690478 103 9992
856334 156272 559 8659
0 0 100 199
906396 719691 80 4121